#==============================================
# generator Park       seed = 1
#==============================================
type: d
count: 100
numbit: 128
324519746709268479512359225782301247594
85230562684341150543417284354887219775
7350717945490072951992503590474613241
116324277776362389085166553240963017392
107165312580342251294889585239376215964
19066409409836661260086883363879700548
160601566084494209147688562584576895834
235400188025872375792560624621843489182
10451764816477418786357434754482409461
330846844409946388408379716078122145382
50671899728953857090847997449082526206
48747559660780561089681664896675386963
37691785759172578460092054869750451780
48835482589715120277671341046831423742
268302145025494616101512645366256495008
245554078320100046636598683483202225420
278154597293005374054576020589217701027
67285763856089013504223327721554648276
80421437587231538281874182478165067292
225087575023851671469671540919109703833
87709346276272114277936143606582122762
76520605896689626214245410957459115007
30181818232994477626415621337061567462
40929727605543814670865258462956044269
15271759308367851508300819435692291896
273596459665535542607278272185571443529
122133579076801211100891798547734974664
106133172815412150101922035721735689877
147352508121093099406886914865930951858
154185494085037752025907050441695176381
322247404160924496333860565622687263503
197824166233376868527955107274289339612
11505674306242907524195397357100523794
216345057317446577551953445736490214471
107674654997571595958549382726140186958
17459145143434083852113710567526030252
168739055371299233015713578529169068024
39787047126900651043585292201106256283
228425406118365965977264918186598249503
48594479623510647304445662228175528102
318416692051860862627253573860847500902
34625116153028165115256820780599110814
164831547303737961765060031131420489279
127287392924902425317544771205586367740
79257272803047822339213653723526945899
18886491781554643206446738546088717452
117227006866854837448937122986957570820
3519878908306003264431209017791773090
301363600270671931212474177831651185853
13042749767870512239411018484574448333
107083950436539201459951402673180469043
177981121710424488891268912788355334299
325134972007007837028223016436730135699
280269694175600047110833848425652303053
185580673098375770360490221764624285489
291828733951647850409328529489672271186
29188961199103891436929063985570282399
210035006907228385456911108919601509989
329663218123120150100254600505934912943
312334976198062287867503541586906859457
323898747180034203629635771293988663728
195047271807440295399466564304653164667
218083342884320833687090461218687301354
67148279138763956476908139114498849980
152981365089980577797605145721215671833
291443694642423046099917800270491086537
169308807664565970968626985265349076054
107568746363234854898877588667425284907
22209523747597413615749934295010480104
332680077643359689078551090968773986407
82028824771315251539363056855087648317
264214246480651932437856666176986830333
175378836311197154743357866159511128406
299127758039929551774156738286010982594
141822150001909821289287629778418134381
47854181139726114450147288311087963816
268752461944356834976189305210675477697
160095501627282521802809697764180193477
254778985538162693367384524504524467799
59367095393594743398572435469309179969
195937936815322654548327555045827176078
1200263836783087615923933198483170806
108987770792820377895023456827884444367
318105550070092071504732804827862374767
196747946774547627056459776284974040381
92286432677848259741913168900374192353
221851207561572169869376796789900207640
336443147147110648093801779027205083135
229966662419710375985533380542664187850
161784506639434703682037125555148309410
120855370663298034464925244442367226005
196614539908220391965972988725759522954
152846935219350323454351772925545484801
313945473247857843073878613115194940972
120473658647079506667731838240647351673
254601049022876754585926951199669152498
99336094808906963540567851563828519719
57825158075805966471745498108658959600
9259272765402120389084025973918132699
145463650895948588332960093145677752011